50
0 1e+108 1e+108 919 1e+108 1e+108 4204 1e+108 1e+108 433 1e+108 3819 1e+108 495 4196 1032 575 2992 1e+108 1e+108 1e+108 2562 4640 1e+108 1980 1e+108 1838 3716 1e+108 1261 1e+108 1175 2277 4904 1e+108 4278 1e+108 1e+108 1084 1060 4637 1124 2590 1e+108 137 2883 1866 311 1e+108 2088 
1e+108 0 4970 4409 1e+108 2853 849 1e+108 151 2066 3008 233 1064 4377 2344 4230 1e+108 4803 4177 728 3898 1e+108 1e+108 1543 3062 399 3444 1e+108 1655 1e+108 1229 1e+108 1025 1e+108 1e+108 1e+108 807 2866 1e+108 1e+108 4012 1e+108 1469 1e+108 1e+108 3433 2293 1e+108 1261 3226 
4865 326 0 1e+108 1e+108 1e+108 1e+108 1e+108 313 4685 1e+108 900 1349 3570 720 853 1496 1611 4319 1e+108 382 1e+108 1e+108 397 3135 1e+108 1233 1e+108 4836 3733 1690 1889 968 1133 4895 4442 1e+108 1e+108 3469 1e+108 1e+108 3910 1006 1e+108 1e+108 1e+108 1e+108 4970 1e+108 4168 
868 936 3826 0 1e+108 1e+108 1e+108 3064 1e+108 1e+108 1e+108 1e+108 1e+108 2237 1e+108 1e+108 1e+108 1e+108 2352 33 1e+108 1e+108 781 2037 4836 2447 4682 1e+108 4602 1e+108 1e+108 1e+108 1e+108 1e+108 1e+108 1e+108 140 1265 1e+108 3406 1492 1e+108 949 2341 1e+108 2358 1e+108 1369 1e+108 3459 
1e+108 819 1e+108 531 0 3263 2393 1729 1e+108 2145 1e+108 269 4988 4202 2481 1555 1e+108 1e+108 1e+108 1e+108 1e+108 3144 4457 4507 1189 1880 1e+108 1e+108 2077 1e+108 4107 394 1e+108 1e+108 1e+108 1e+108 1766 1752 1940 4932 297 402 46 1e+108 1e+108 1717 297 1e+108 192 3765 
1e+108 1e+108 1e+108 1e+108 1152 0 2188 1e+108 392 1e+108 2117 1e+108 1e+108 1e+108 1447 1e+108 1e+108 4561 1611 3865 3793 705 2565 4929 1e+108 1435 1e+108 4624 2786 1e+108 143 3265 1e+108 3788 1e+108 1979 1e+108 1e+108 160 2415 1e+108 1774 2574 1e+108 1513 4346 1e+108 1e+108 1276 1e+108 
995 724 4819 3350 1e+108 1e+108 0 622 1e+108 2898 1e+108 872 1e+108 1e+108 106 1e+108 1e+108 1869 1e+108 2541 1028 2894 1e+108 4047 3754 1e+108 3287 1e+108 1e+108 1e+108 606 1e+108 2414 3169 991 1e+108 1947 1e+108 2321 1e+108 1e+108 307 1917 96 4369 1e+108 1e+108 1e+108 3670 1857 
2699 1e+108 1e+108 1e+108 4590 1813 1e+108 0 1e+108 1e+108 3148 4804 1e+108 1e+108 835 1e+108 1932 2530 1e+108 441 1e+108 296 3213 1281 1e+108 530 1e+108 2132 1e+108 2977 1e+108 1e+108 1e+108 3105 464 4074 1e+108 396 1e+108 1790 3979 3644 3118 3095 1e+108 1334 3705 4762 1e+108 1349 
1e+108 2952 1258 1317 1e+108 1e+108 1e+108 898 0 198 1665 1e+108 1952 1e+108 1e+108 1e+108 2364 84 1e+108 1e+108 3122 1e+108 1e+108 1e+108 2464 1e+108 1e+108 1e+108 1e+108 3478 1556 762 3745 614 1007 1e+108 1e+108 735 2763 4864 2948 3844 1024 1e+108 1e+108 1e+108 1e+108 3779 2226 2707 
1e+108 1452 1e+108 1e+108 1288 3273 1866 203 1e+108 0 2680 1e+108 1937 1139 301 1e+108 4022 1e+108 1e+108 2381 1e+108 2001 1e+108 3055 1e+108 1211 1e+108 3353 1e+108 2246 1e+108 1e+108 1e+108 1e+108 1e+108 1e+108 4575 1e+108 1e+108 4529 1e+108 1e+108 1e+108 93 2371 1837 1e+108 2848 1e+108 1e+108 
1216 4137 1e+108 1e+108 4042 4045 1949 2327 1e+108 1e+108 0 1e+108 1981 1e+108 243 4309 1e+108 521 2762 1e+108 1e+108 677 655 1e+108 1e+108 2731 1e+108 2340 1e+108 579 1e+108 4038 1e+108 387 4058 3820 1e+108 1503 1e+108 2664 1e+108 1e+108 1e+108 1255 1e+108 1689 2446 296 2861 1e+108 
1733 1e+108 3063 3704 2427 1e+108 1e+108 3935 1e+108 2604 1e+108 0 2358 1935 5 1e+108 2894 1464 3357 1e+108 1858 1e+108 732 1e+108 1e+108 4000 493 1e+108 1917 3348 4999 1e+108 336 1e+108 1e+108 1e+108 1e+108 173 1e+108 4449 1e+108 1e+108 1e+108 513 239 4026 1029 1e+108 1e+108 1e+108 
2478 1e+108 1e+108 1e+108 1e+108 1e+108 1e+108 2385 102 1e+108 2283 2479 0 1e+108 1e+108 1e+108 709 1e+108 57 1e+108 1e+108 1e+108 353 835 1e+108 1808 1e+108 3444 1e+108 972 4462 4661 171 1e+108 1600 1751 3097 1e+108 3444 4224 1e+108 986 4612 4090 1350 1e+108 3801 543 682 1344 
892 1876 1e+108 4174 1e+108 1e+108 1e+108 1e+108 3429 2591 1e+108 1e+108 481 0 4194 1e+108 1e+108 1e+108 1e+108 1e+108 1e+108 1e+108 2242 4815 1e+108 321 1107 688 665 1e+108 2223 1e+108 1e+108 1e+108 661 2295 3908 1e+108 1225 1e+108 1e+108 1e+108 3527 1e+108 4834 1e+108 1e+108 1e+108 1e+108 292 
3545 2955 2530 1e+108 4316 3853 1e+108 1e+108 1e+108 439 1e+108 1e+108 1e+108 1065 0 1690 3887 1e+108 289 1e+108 1e+108 1e+108 1e+108 3169 1e+108 1e+108 3530 3777 3273 1e+108 4586 1e+108 4070 3217 1e+108 1e+108 1e+108 1e+108 3385 1e+108 1e+108 1e+108 4226 2745 2814 1e+108 3970 1e+108 2975 1e+108 
745 2178 326 1488 434 1e+108 1e+108 496 1e+108 1688 1e+108 1967 590 1e+108 2190 0 3449 1e+108 1e+108 1e+108 1e+108 1e+108 2981 1e+108 2421 425 2662 1e+108 3098 811 1543 2168 1e+108 1e+108 2698 3223 3330 1e+108 2465 3400 4560 4818 2494 3651 1e+108 1e+108 1e+108 1011 1e+108 2750 
1185 1e+108 12 2304 1879 1e+108 1e+108 1e+108 264 1e+108 931 2686 1e+108 1107 1430 2452 0 1e+108 1e+108 1e+108 1e+108 63 1e+108 4781 1e+108 1e+108 4433 3298 1e+108 720 686 1286 1288 229 1139 1e+108 2106 1e+108 3305 2322 4731 1e+108 1e+108 3894 754 1175 456 4839 2598 403 
2718 1e+108 1e+108 1e+108 375 1e+108 1130 4106 3136 1e+108 4505 1448 1e+108 1e+108 1e+108 4698 1e+108 0 1780 4931 1e+108 1e+108 3578 4599 2838 1914 3387 1775 1675 1e+108 595 1e+108 292 1e+108 3106 1998 1e+108 1e+108 1504 3438 1136 2855 1839 1e+108 2025 2788 1e+108 1667 217 3144 
1e+108 835 925 2845 2724 3166 3618 1e+108 1354 2573 1e+108 1e+108 1522 1e+108 3619 1e+108 1e+108 1968 0 4019 1e+108 1e+108 3603 2438 1326 2350 3119 1e+108 640 1e+108 179 1e+108 1e+108 1e+108 2706 1562 2198 1719 1049 1e+108 1e+108 284 1108 1e+108 3583 1837 2210 4536 281 1e+108 
4854 3996 2936 1e+108 1e+108 307 927 1e+108 1466 1e+108 4657 4743 3126 2053 1126 185 3496 1e+108 1e+108 0 1e+108 1921 1e+108 3622 1e+108 1e+108 2338 1e+108 3755 3645 1e+108 1e+108 1e+108 3639 917 2367 1e+108 1e+108 1e+108 1e+108 2425 458 3296 111 1e+108 1e+108 1377 1e+108 1e+108 1758 
2045 191 2985 2060 1839 366 1e+108 2478 1e+108 2902 884 1205 4738 1929 777 1e+108 1e+108 1e+108 2518 3216 0 1157 1e+108 1e+108 4598 1e+108 3300 3628 1e+108 3303 1e+108 92 1e+108 4003 1e+108 1e+108 1e+108 2827 1187 1247 1e+108 1e+108 1e+108 993 1e+108 1e+108 1e+108 2878 1609 1e+108 
73 3184 4564 3258 1e+108 1340 1e+108 1e+108 1e+108 1797 1e+108 1e+108 1e+108 929 1e+108 2715 1e+108 1e+108 95 1e+108 1e+108 0 3450 1e+108 2724 3620 1e+108 3649 1e+108 1e+108 1e+108 1995 3287 2539 1e+108 3345 167 181 1e+108 1e+108 4039 1e+108 1e+108 3317 3457 1e+108 1007 3832 2462 2013 
1e+108 471 3111 2914 3200 1e+108 746 437 772 1044 1502 591 540 1e+108 1e+108 2481 422 4478 1475 968 73 795 0 1e+108 1e+108 2461 3706 1e+108 4224 2382 1e+108 1e+108 1580 1e+108 2307 1590 1e+108 2855 1e+108 1e+108 1416 1e+108 1e+108 3742 1449 4054 1e+108 1e+108 1e+108 1e+108 
1e+108 1896 564 1e+108 4268 3949 1e+108 3132 1185 1e+108 1711 1e+108 1e+108 1e+108 4874 1e+108 3498 4897 4307 1e+108 1e+108 4378 1e+108 0 1e+108 1e+108 1083 1e+108 1e+108 4355 494 1e+108 1e+108 1e+108 1e+108 432 4287 2802 1189 4244 1e+108 1e+108 1218 2298 4251 569 4521 3087 1e+108 1158 
2656 414 1902 1e+108 3942 2818 1e+108 4385 1e+108 1e+108 1e+108 1e+108 4350 984 4173 1e+108 1128 2836 2231 662 1e+108 1e+108 2553 1e+108 0 971 1e+108 3723 1e+108 1463 1205 1997 1e+108 1e+108 22 1500 1301 1e+108 1e+108 1e+108 1e+108 1e+108 2877 4604 1e+108 973 1e+108 368 2689 2196 
4058 3262 1e+108 4648 605 1e+108 1906 1e+108 2847 1e+108 646 184 2465 4646 3802 2234 1e+108 3117 1e+108 1195 1e+108 1e+108 1e+108 2759 1e+108 0 1e+108 1e+108 994 1563 1e+108 1e+108 1e+108 1175 2187 2179 4034 3229 1442 1266 2619 4761 1e+108 1931 2916 1e+108 1663 786 1668 1100 
4600 1e+108 789 1e+108 941 1e+108 4075 1e+108 2702 478 1015 1e+108 1e+108 1e+108 426 4214 1e+108 1e+108 1e+108 1e+108 1e+108 1e+108 4385 1e+108 1e+108 4111 0 627 1426 1e+108 1e+108 1e+108 1e+108 4342 1421 2036 1e+108 4751 1e+108 1e+108 1e+108 1e+108 3033 834 1789 887 1736 3334 605 1e+108 
1e+108 1e+108 1e+108 1e+108 2614 1e+108 1e+108 1e+108 1e+108 253 725 582 1e+108 4189 1e+108 2350 4162 4960 2502 2853 3221 1e+108 244 1e+108 3998 2828 1775 0 1e+108 85 1697 2420 3464 1e+108 1e+108 2113 883 1e+108 1e+108 4343 2252 1e+108 1e+108 3600 1e+108 546 2843 1459 1e+108 2368 
1e+108 4613 4758 4759 1e+108 1e+108 2237 4247 1e+108 1e+108 4724 2554 1e+108 836 1e+108 1e+108 1e+108 4152 2685 4899 1e+108 4091 1e+108 261 4353 1e+108 3282 1e+108 0 516 510 1e+108 1e+108 62 3742 1e+108 1678 1e+108 1e+108 2613 1e+108 1e+108 1e+108 4447 1e+108 1e+108 1e+108 1e+108 1034 1e+108 
1276 2702 1e+108 1e+108 506 1e+108 1653 219 1e+108 1e+108 1495 1e+108 254 1e+108 2983 1e+108 4472 970 2068 314 1866 1e+108 241 4691 1e+108 246 2477 1e+108 2430 0 1e+108 2293 1e+108 1350 1e+108 1e+108 1e+108 4412 1e+108 1e+108 1e+108 1e+108 1e+108 4463 4843 1770 1e+108 3072 3598 1e+108 
1709 1e+108 1e+108 1e+108 1e+108 1e+108 2969 2460 1171 667 1e+108 2232 1e+108 1e+108 4515 1e+108 1e+108 1e+108 143 4040 3058 1e+108 1e+108 1e+108 1e+108 2700 1e+108 779 1e+108 1e+108 0 1e+108 3569 1e+108 4009 1e+108 4525 1784 1e+108 1429 1e+108 1502 1e+108 1e+108 4026 1e+108 2740 916 2459 989 
1e+108 1e+108 2263 1e+108 1e+108 1e+108 2993 1e+108 1e+108 513 1e+108 1717 1e+108 1e+108 1e+108 108 1209 1e+108 1260 4129 1175 1e+108 1e+108 1e+108 4998 863 1e+108 1141 1e+108 1e+108 1574 0 1915 1e+108 1719 1e+108 1e+108 1e+108 1e+108 3809 24 4929 606 1e+108 469 1e+108 4520 1e+108 1305 1e+108 
779 4441 1e+108 1706 2338 723 1e+108 1e+108 1608 1e+108 1e+108 1e+108 2161 1e+108 568 4123 3030 4716 714 3903 1e+108 2689 1e+108 1e+108 1719 1e+108 1e+108 4688 1e+108 1595 1e+108 1e+108 0 962 1e+108 1e+108 3528 1e+108 1505 3052 2897 1e+108 1e+108 4187 2332 4509 1e+108 1e+108 3249 1e+108 
1e+108 1e+108 1e+108 1e+108 1e+108 1e+108 1e+108 1e+108 3101 460 2854 3825 1975 501 1e+108 1e+108 1e+108 1752 2937 1e+108 1e+108 1e+108 3143 963 1385 2356 4238 545 2520 3250 521 1649 1e+108 0 1e+108 2955 3264 1e+108 631 1e+108 1803 1885 1e+108 1e+108 4549 1e+108 1e+108 1e+108 1e+108 1e+108 
2339 1829 2096 2361 2913 3804 4116 1e+108 1419 1e+108 2246 2217 1e+108 3771 1e+108 1e+108 2965 900 1e+108 2126 1e+108 1e+108 439 1441 1e+108 1311 1741 1e+108 1e+108 1e+108 1e+108 3713 1e+108 1e+108 0 4653 1e+108 1e+108 1e+108 1e+108 1884 1e+108 2377 3092 1871 1e+108 1e+108 1684 1317 1881 
1348 2284 1100 1e+108 3717 2191 1042 4016 2896 2403 1e+108 1e+108 3815 1239 127 4237 1e+108 1e+108 4128 1e+108 1e+108 1e+108 4746 2116 1e+108 1e+108 1331 1e+108 1e+108 348 1e+108 1e+108 194 43 482 0 1e+108 1e+108 1e+108 4600 1e+108 1e+108 3965 2501 1348 1777 3259 940 4461 3452 
4315 1e+108 1e+108 1e+108 1e+108 4625 1e+108 2296 442 1e+108 3595 1e+108 1e+108 1529 1e+108 1e+108 1e+108 2616 153 859 3458 1e+108 1e+108 2407 1e+108 4480 1e+108 2481 1036 3152 1e+108 2484 3117 1e+108 202 1e+108 0 3127 1e+108 1e+108 1892 355 4804 3476 1e+108 1e+108 2758 3368 3149 1e+108 
1e+108 1e+108 1e+108 3598 1e+108 393 1388 1e+108 1e+108 1e+108 1e+108 3780 1e+108 665 1e+108 3589 1e+108 3777 1e+108 1855 168 2382 1e+108 1e+108 1e+108 60 1e+108 1e+108 4007 4846 4905 1e+108 81 1e+108 1e+108 1e+108 324 0 2726 1e+108 1e+108 1e+108 1e+108 1e+108 1e+108 1e+108 1e+108 1446 1e+108 1e+108 
1e+108 3392 2615 1e+108 1e+108 1e+108 310 4220 1e+108 4091 1e+108 1e+108 1e+108 356 1e+108 1829 2125 2238 1e+108 4220 4021 1905 1e+108 1212 248 1e+108 3380 369 2231 288 1e+108 3726 1592 1e+108 4695 1e+108 1e+108 1e+108 0 3409 2603 1e+108 2996 1e+108 511 82 1254 1e+108 856 1e+108 
1e+108 1e+108 1e+108 4526 2561 1936 1e+108 1202 1e+108 3181 1e+108 1e+108 1e+108 1e+108 1e+108 4823 4301 2503 1e+108 4808 1e+108 2925 2009 1e+108 1e+108 721 1e+108 1e+108 1e+108 683 2932 3934 1e+108 225 1689 1e+108 1514 4911 4193 0 2758 342 1e+108 1e+108 1e+108 1e+108 1e+108 1e+108 1e+108 2107 
2798 1e+108 1e+108 3089 2225 1e+108 1e+108 1211 1e+108 1e+108 4695 4847 1e+108 4846 44 1e+108 1e+108 1e+108 1e+108 4020 1e+108 1e+108 1598 1e+108 1e+108 1e+108 1e+108 1039 861 1416 3526 1354 229 1e+108 1e+108 1e+108 1e+108 1e+108 4610 4057 0 3229 55 1854 3511 1e+108 1649 1e+108 2811 1e+108 
1e+108 1e+108 936 1e+108 781 4098 173 1163 128 4614 3716 982 4909 2326 1e+108 1e+108 3452 3514 1e+108 2244 1e+108 1e+108 4346 1501 1e+108 13 1e+108 3505 1e+108 1e+108 837 1e+108 2351 3627 1e+108 2601 1e+108 1e+108 3694 43 3144 0 1e+108 3813 1e+108 1e+108 1754 2919 4083 1e+108 
2557 1e+108 1e+108 1e+108 1857 3269 1e+108 1e+108 4605 2562 3940 1e+108 1023 1e+108 1e+108 1e+108 3744 1113 924 1e+108 3610 4845 977 1e+108 1e+108 1113 4220 1e+108 3564 1e+108 1e+108 1964 1462 2262 3259 4320 1e+108 2930 1e+108 3430 981 1447 0 1e+108 1e+108 275 1e+108 3591 1e+108 2144 
1e+108 2587 4481 1e+108 1e+108 3717 1e+108 1e+108 2696 1e+108 4818 3667 2052 1e+108 3921 4014 1e+108 1e+108 1e+108 1e+108 185 3096 2549 1197 1e+108 1e+108 693 1e+108 1e+108 1e+108 1e+108 1e+108 2767 3695 38 2560 1e+108 1e+108 2775 1e+108 4010 1214 2805 0 4904 475 1e+108 4158 2844 4543 
1445 419 1e+108 1e+108 1e+108 1e+108 1e+108 1e+108 1e+108 725 1e+108 1e+108 3301 1e+108 1e+108 4760 1855 2308 1e+108 494 1e+108 1673 1898 567 1e+108 1e+108 1e+108 1e+108 1e+108 1373 1e+108 1e+108 1e+108 1133 1559 4373 1129 1e+108 2847 271 1e+108 4669 1e+108 1e+108 0 1e+108 1e+108 140 1305 1e+108 
1e+108 4755 1e+108 35 1e+108 1e+108 3479 1e+108 1966 1e+108 2864 1e+108 595 4282 1e+108 1e+108 1e+108 1e+108 2794 4668 2514 1e+108 4975 2498 1e+108 622 587 1e+108 4078 3028 1388 1e+108 1885 1e+108 1e+108 2862 1e+108 31 1e+108 1e+108 4804 3270 3951 2745 1e+108 0 2107 1e+108 1e+108 3482 
3662 1785 2881 1e+108 994 1e+108 2189 1e+108 1e+108 2217 1e+108 797 1e+108 1e+108 3631 1e+108 4227 4141 911 1e+108 1e+108 4209 1e+108 1e+108 1e+108 4150 1206 1e+108 4946 1e+108 2115 301 1e+108 1e+108 1e+108 40 1e+108 1e+108 1e+108 1e+108 2356 1e+108 800 2104 1e+108 4581 0 2499 2621 4964 
1e+108 3582 1e+108 1e+108 1178 1e+108 1e+108 1e+108 3677 1e+108 1e+108 919 1e+108 4952 4557 1e+108 4758 1e+108 2751 1e+108 2188 44 1e+108 1105 4929 2089 1e+108 1852 4283 3035 4643 320 1e+108 1e+108 1e+108 874 1e+108 1e+108 2748 1e+108 1e+108 1e+108 4820 1459 3219 1e+108 1e+108 0 1e+108 1e+108 
1e+108 1e+108 4912 1e+108 1648 1373 1e+108 2107 3357 1e+108 1e+108 1e+108 1e+108 1e+108 1184 1171 1e+108 97 1e+108 526 2732 1e+108 2845 1052 1e+108 1e+108 1309 4850 357 3174 1e+108 1e+108 807 1e+108 1e+108 1e+108 966 1e+108 1e+108 1e+108 3253 1e+108 1e+108 386 1788 1e+108 1531 1e+108 0 1e+108 
1e+108 321 4585 327 1e+108 1e+108 2643 1e+108 4575 1e+108 1022 1e+108 911 1e+108 1e+108 4669 1e+108 2974 1e+108 1e+108 1e+108 111 1e+108 1704 1e+108 672 371 99 1e+108 3337 1e+108 2243 295 2692 382 1e+108 1e+108 896 2746 1e+108 1e+108 1e+108 1358 3990 1e+108 930 1e+108 421 1e+108 0 
